CART_DE
-29.643286788399596 -19.466658903896896 -11.422321884576094 -10.010672623479778 -9.899024006296735 -8.64875 -8.257092580621995 -8.073845060412214 -7.641820498342236 -6.428359998890862 -6.1964076123407095 -4.951624751534006 -4.491884498480244 -3.955257384931512 -3.558273276552381 -2.830269607843138 -2.6887721755368794 -2.6321256790892402 -2.3150428921568627 -2.3064237361371136 -1.8196837916935462 -1.6235130838677878 -1.6226713799423917 -1.2300881691407994 -1.2005678447326056 -1.1429002695417791 -1.1242820244536191 -0.9522506454681343 -0.8149075500770424 -0.6718856903393544 -0.5838583858385857 -0.5326221397649977 -0.5126693766937656 -0.4769819972383609 -0.22798299093191288 -0.20734025699700598 -0.16161010213110627 -0.12682233198623094 -0.08479245584308637 -0.08232311974705464 -0.0687601384541574 -0.0640465607197207 -0.06351526705093669 -0.05620483288166156 -0.056168579547548836 -0.052596345489676954 -0.051440390252691426 -0.050802209133649745 -0.048306624366170725 -0.042219159280712626 -0.04069504262780432 -0.03549447885774515 -0.03535550336287141 -0.03397223703959318 -0.030379136191754252 -0.03034186761530111 -0.02360103120380641 -0.019856286411470192 -0.010032148290886278 -0.0038400550279917844 

ROME
-18.340424829407876 -15.973947550034502 -11.873520872740091 -8.818794726930319 -7.457862650170345 -7.282938499241453 -7.237495421245422 -6.3512859041784635 -5.963667135572331 -5.214033894111811 -4.422441290614992 -4.228702397216803 -3.708929747788442 -3.5443359374999996 -3.437224426807762 -3.3835697934840434 -2.3006340250658432 -2.19373519347197 -1.7322159530921537 -1.70465215535638 -1.5750715970350413 -1.5552003410059667 -1.5214783821478384 -1.0155121840106358 -0.8829830486973347 -0.8439650124432732 -0.797026279391424 -0.7161853016871598 -0.5655425435480297 -0.5346027742749038 -0.4506752658890818 -0.42667502406482827 -0.3790127935379335 -0.31831955922864985 -0.2979002624671916 -0.2500574439101244 -0.1551647463108956 -0.15199058890461936 -0.13088593945736826 -0.11044089428067339 -0.0835877851058815 -0.06911347105784538 -0.056946977929571485 -0.0515097690941384 -0.04870536335274123 -0.04482633835557026 -0.04358933928470332 -0.0427165345993723 -0.03905512901112229 -0.038980818309048315 -0.03458409355747727 -0.03364328488459489 -0.03209424033519448 -0.031524580487393594 -0.030319500329277993 -0.02745116580868534 -0.02405346248158291 -0.01773912560258961 -0.01598539238100538 -0.012276762264943342 

CART0
-40.81152542372881 -36.66096866096866 -27.251482799525505 -21.524181547619044 -21.144053601340037 -18.580882352941178 -17.978151709401708 -15.948016689529037 -14.665441176470589 -13.795986622073576 -9.551312649164677 -9.416555258467024 -6.584615384615384 -6.460683760683761 -4.025422141211611 -3.9035476718403554 -3.499717514124292 -3.386829836829836 -3.072974683544305 -2.7910564663023694 -2.45625 -2.1935483870967745 -2.1276682692307687 -1.5996801705756925 -1.4497607655502396 -1.4163822525597265 -1.292164179104478 -1.1411764705882348 -1.0499999999999998 -1.0200156985871272 -1.0011172715053762 -0.9374999999999998 -0.8799630655586337 -0.697791164658635 -0.5502083333333332 -0.5 -0.3991041638100459 -0.21049058803931353 -0.16780641767490767 -0.15027596588058212 -0.10949355920239978 -0.10823423152190292 -0.1072765517487253 -0.10501469017093967 -0.1021842832036155 -0.0968337730870712 -0.08693304535637147 -0.08552433517310587 -0.08245332108968473 -0.07537721123829355 -0.07282667144649557 -0.07096564289432594 -0.06090577824050025 -0.053362594418034925 -0.05075757575757578 -0.045745204131824924 -0.04567409445585424 -0.03071650284531824 -0.012921940928269926 -0.0018687222611539767 

RF
-100.68678160919538 -68.66169154228855 -35.53996983408748 -24.52201257861635 -19.34343434343434 -14.500910746812382 -14.071171171171173 -11.401960784313724 -10.286052009456265 -10.177935943060499 -9.444444444444443 -8.613636363636365 -7.810852713178292 -7.069518716577537 -6.922764227642279 -5.625641025641023 -4.812935323383084 -4.760233918128656 -4.453423120089786 -3.9402985074626855 -2.9394557823129253 -2.7715355805243447 -2.6439393939393936 -2.535545023696682 -2.523584905660378 -2.195329087048832 -1.9322493224932251 -1.8595387840670856 -1.5625000000000013 -1.0999999999999996 -1.0371845949535192 -0.9614740368509214 -0.9382716049382709 -0.8577777777777775 -0.8453900709219859 -0.6953846153846157 -0.5520833333333333 -0.3490813648293962 -0.33950617283950657 -0.22969187675070013 -0.16401448177149147 -0.15966732542819462 -0.14385873799013282 -0.12775931134407226 -0.12323644399116107 -0.10357327809425132 -0.09289203301330584 -0.0923276983094925 -0.07284440039643236 -0.053422085680149944 -0.05307698627885937 -0.048702887909936265 -0.04171779141104248 -0.03921568627450989 -0.030046038284467835 -0.02702280537332058 -0.02645502645502651 -0.022887323943661997 -0.018193792706018064 -0.008069522036002752 

SVR
-0.09297222115640702 -0.09239014937886081 -0.07428063267311225 -0.043010470288022296 -0.03778208027441177 -0.036461303684423685 -0.034128362905892384 -0.03344093109274526 -0.032285892043796505 -0.031775523802847205 -0.02771640674710807 -0.021917608433377644 -0.020626540077464117 -0.01901393700747467 -0.0185471202959564 -0.018064289729972982 -0.01661627486582873 -0.014756458935920147 -0.014205083363374671 -0.01391966266247291 -0.013611886197914425 -0.013327903289023446 -0.013189757660042156 -0.013092374651164196 -0.012861519493740037 -0.012652449823834955 -0.01212701941547567 -0.011608388432014172 -0.010411276895738286 -0.009939653705643536 -0.009888820954466748 -0.00976851931966638 -0.009245567695315149 -0.008892677213432787 -0.008550342752085438 -0.00840091165351331 -0.008040684130179443 -0.00726147500738672 -0.006025016713339548 -0.0058562711122347455 -0.0015269014039211992 -0.001451181801621182 -0.0014011323173248602 -0.0013950786515297686 -0.001279016521594123 -0.001203570150422939 -0.0011785029068158703 -0.0011580608572352435 -0.0011567342651128687 -0.001110056267962678 -0.0010499079429497904 -0.0010259679144037914 -0.0008941091289795811 -0.0008928248687354312 -0.0008362416112115412 -0.0007834631343051068 -0.0007736381093657041 -0.000751888037350712 -0.0007105290752533744 -0.0006570883431680219 

ABE0
-22.62260536398467 -19.904040404040405 -19.19012345679013 -18.531746031746035 -15.74206349206349 -15.646464646464647 -15.583826429980281 -14.545454545454545 -12.323748668796592 -12.043939393939395 -9.080701754385965 -8.476678043230944 -6.382623224728487 -6.019259259259254 -5.978052126200273 -5.638766519823785 -5.153186274509804 -4.291525423728812 -4.138079827400214 -3.9333333333333336 -3.691011235955054 -3.479166666666667 -3.217535153019024 -2.849775784753363 -2.7937219730941703 -2.333333333333334 -1.713836477987421 -1.5453216374269005 -1.2836257309941512 -1.276543209876543 -1.1425576519916154 -0.9554794520547945 -0.9127837514934285 -0.704834605597964 -0.6514619883040931 -0.6120401337792638 -0.4981549815498154 -0.45751633986928075 -0.39175257731958757 -0.3853211009174309 -0.08849871419703836 -0.0844003135615361 -0.07511737089201898 -0.06055474923399484 -0.054142533366909884 -0.05009538027701699 -0.05009017871782273 -0.04969664525339024 -0.04555866632730976 -0.04303296324984984 -0.04057259713701433 -0.03642987249544616 -0.03547384774728135 -0.03536102868447033 -0.028981896694901144 -0.027806925498426116 -0.026289926289926546 -0.02056988703422702 -0.01336920192386093 -0.006735751295336545 