CART_DE
0.7037037037018421 0.7037477954130658 0.7145886905776353 0.7453999188185114 0.7469145848957395 0.7693779904285973 0.7701503836672968 0.7763802462596615 0.7845117844827284 0.8024369452936455 0.8040262337590094 0.8040983276605796 0.8043394777249786 0.805964741000681 0.809523809388889 0.8120300751713979 0.8126620570395141 0.8154203232470785 0.8221153845640023 0.8298632218838679 0.8363600473718481 0.8371187540545584 0.8461538457307693 0.84657588316508 0.8477433026560393 0.8490456911477625 0.8549677419286441 0.8554371422927638 0.8571116571101127 0.8587630548291662 0.8605700935736731 0.8663025083203444 0.8725707941880305 0.8746644295272662 0.8779956427009512 0.8787152444841078 0.881931284501386 0.8869265883408238 0.8888516746388092 0.8914988814287759 0.8964592781387768 0.8986528962723269 0.9063316993458128 0.9189036725526866 0.9264440911483042 0.9310344827163011 0.9365763471354365 0.9422073079759583 0.9538239538143192 0.9564654260804561 0.9594320486251043 0.9685797955224362 0.9862871996253686 1.0015650148141124 1.1076798049469823 1.123809523684656 1.1542771680390116 1.234782608572174 1.2949488270348763 1.3934355118548185 

ROME
0.688443113772249 0.6960927380745965 0.7067538126357036 0.7091055600225182 0.7148780396717089 0.7189664252708842 0.724999999855 0.7442977190845971 0.7592524189147731 0.7691706195653487 0.7780441035448484 0.7846364883111313 0.7852257181759935 0.7949178718246255 0.7969010335578586 0.7975661375640277 0.8012572533843041 0.8066984330609689 0.8146987547570355 0.815693820824792 0.8189252336443815 0.8270729978713571 0.8279854335567038 0.8359813878832298 0.8374550098594222 0.8495927774292386 0.8543725182361315 0.85510078156838 0.8621874999842303 0.8639613398648399 0.8660130718897647 0.8692307691438462 0.8697552447522037 0.8701298701195115 0.8703748504123943 0.8724606440632743 0.8749999999849138 0.8833333333317418 0.8840169731171312 0.8853174603008276 0.8861961451229583 0.8868333333296382 0.8956331608670902 0.9030491648256969 0.904471544693387 0.9176003734809058 0.9196428571410324 0.9196887807163145 0.9293478260465501 0.936363636349449 0.9374999998828125 0.9374999999414062 0.9378823529336734 0.943940539175468 0.9439829100391189 0.9444444444425706 0.9526289682520781 0.9655172413460167 0.9909665524235407 1.0301076262004722 

CART0
0.8333333333263888 0.8518518518495983 0.8552631578924862 0.8562499999571875 0.8669294990601306 0.8702359489494557 0.8741496598461059 0.8818565400732254 0.8829609362860757 0.8910256410199294 0.8952380952344413 0.8983591445391044 0.9042836646822354 0.9069767441649541 0.9076923076015384 0.9090277777749602 0.909896385255588 0.9215922186385823 0.9234972677444236 0.9242253839163284 0.9268292682898572 0.9312080536881503 0.9326744683804287 0.937282229961891 0.9495884773545319 0.9523809523356009 0.9562499999402344 0.9570312499401855 0.9613782051241994 0.9657534246443047 0.9718640183185981 0.9744047619007019 0.9755555555360446 0.9771505376186482 0.9793252155381024 0.9809523809497859 0.9818507596259477 0.9832214765067677 0.990939508369318 0.9934065934009169 0.9941860464885074 0.9949494947778288 0.9955171309628604 0.9970760233888974 0.9990970017546477 0.9999999989999999 0.9999999989999999 0.9999999995 0.9999999999 0.9999999999800001 0.9999999999900989 0.9999999999965036 1.0132523467691452 1.1640624999156763 1.2938356163645364 1.3625273694083946 1.874999999921875 2.0566424020390905 2.119999999939429 2.5299145285389364 

RF
0.7771630956484191 0.788596491225995 0.8092089728451454 0.8252516778475265 0.829812206569848 0.8333333333286518 0.833976833976374 0.8359580052460527 0.8403193612724134 0.8444567015990929 0.8561538461443412 0.8642642642627071 0.867988403411825 0.8741594620548759 0.8773333333263147 0.8809523809209184 0.8825065274139915 0.8875819788861794 0.8921957671939971 0.892873696681784 0.9085451608857551 0.9114583333190918 0.9119982593516649 0.9127670940135958 0.914399092943968 0.91724941724621 0.9321357285373325 0.9358974358941636 0.9370629370596607 0.9381237524893925 0.9408169349976798 0.954907731928398 0.9555555555538339 0.9635423813413212 0.9653649407259587 0.9783738822203816 0.9866666666469335 0.9868421052605609 0.9988344988310065 0.9999999989999999 0.99999999994375 0.9999999999565218 0.9999999999714286 1.0876658872075047 1.1590909090645662 1.1824085839328609 1.1904761904549321 1.1944444443946758 1.2079261672075876 1.2140712140501746 1.3107849393737647 1.3851851851749246 1.392535392530016 1.5981962083554582 1.7346072186726034 1.8521628498713598 1.8995433789694125 2.13712185455691 2.376543209788487 2.59999999948 

SVR
0.8342333819499693 0.853007270689569 0.8733864588044107 0.8751864769788967 0.8753334910029994 0.8815953727629746 0.8901785562418719 0.8913276059010503 0.8924617468578897 0.896443327674521 0.8979947664075718 0.9081359103186262 0.9100670664515941 0.910147283302992 0.9109269207670994 0.9165254107383759 0.9191020419001619 0.9199776138551885 0.9217177845746475 0.9237628185259915 0.9294600964197428 0.9298306619558198 0.9316261912891387 0.9383164268853947 0.9400766657225323 0.9414346806523836 0.944465176471952 0.9455153836042921 0.9480476366953704 0.9481105585303886 0.9500088890153398 0.9501236363185954 0.9509594874466811 0.9511730801296052 0.9511862776085718 0.9513698642179749 0.951922598660995 0.9527832896238758 0.953191201635957 0.9534394765203121 0.9543915177415337 0.9555482824513288 0.956035580477186 0.9595051789733838 0.96058576757474 0.9642974699768035 0.965532005100241 0.9657260924591922 0.9732791431899354 0.9735989170206986 0.9745944104697004 0.9750076586720177 0.9796641071153875 0.9834770113423861 0.9838053848628591 0.9880784747435245 1.0212849536698412 1.0263234391803047 1.3203927294700883 1.6581153437349518 

ABE0
0.7758920800686129 0.7885052297078022 0.8042042042027552 0.8101851851835776 0.8319642415421449 0.8349048589862125 0.8380952380832652 0.8425925925909208 0.8502072232084961 0.8641071711642097 0.8809523809314059 0.8817840931512442 0.8919860627146621 0.8933855526533159 0.9001996007930129 0.9058016219582622 0.9060095653976464 0.9063128844681597 0.9094865100075159 0.9113714953259253 0.9125182172618236 0.9133968748403009 0.9232866043608314 0.9238490827264029 0.9259259259144947 0.9259259259144947 0.9271929824537003 0.9321111111054539 0.9328358208941301 0.9361702127559981 0.9371501272257476 0.9379844961022176 0.9379844961022176 0.9388888888849769 0.9446107784428309 0.9458015267168353 0.947354497346789 0.9491080700180654 0.9540918163615525 0.9583333332734375 0.9644194756500126 0.9715447154353062 1.0001340626311266 1.0300061966648537 1.0533333332912 1.0867159156593271 1.121800870053951 1.152678144388846 1.1666666666478496 1.1794202898061819 1.1967418546320927 1.2777777777473547 1.62156177147869 1.6444444443348147 1.8943089430836557 1.9010416666369627 1.9740236304179333 2.0617283950464564 2.19999999956 2.227360308272289 