CART_DE
-0.17060579140605348 -0.15708305817509705 -0.14191121184208866 -0.13297487731263846 -0.12659843083610922 -0.11571754933931122 -0.09117266809513946 -0.07827487149083812 -0.07226954625164983 -0.06903998230375974 -0.06341941635631398 -0.022584683561970964 0.005866645895046485 0.0059444356448357105 0.007627670587404212 0.016410808419992873 0.021433617797249616 0.029464267479755724 0.04633815940682373 0.04717411906686442 0.05161672435089881 0.06291717978919797 0.06932336344540568 0.07788529350667794 0.08013330629873916 0.08343822635470366 0.08925972378913938 0.08983470542835126 0.09231138215933077 0.09770660640833262 0.11980796786780157 0.13243979905385017 0.13766509374458757 0.13808153913633414 0.13933631257192491 0.14722405764387259 0.1496532214968106 0.15375128238590963 0.16851804611906374 0.1710282690167909 0.1750069746980255 0.1760406021847407 0.1764825957914249 0.18949083695994806 0.1901152064487296 0.20465107719628273 0.2307192581195049 0.2386093182382234 0.2395557658629225 0.2419171078758512 0.24340977848658585 0.24663358582730932 0.24858307524269163 0.25763093819701777 0.26586770504204826 0.27422327477055175 0.28567003839964 0.31413511915402903 0.3288971367756013 0.33346525602241395 

ROME
-0.33418350210934267 -0.28757578473687295 -0.1865206810075004 -0.14755546414217746 -0.12198818349761176 -0.11631981882536935 -0.1081934078052702 -0.08954062288537634 -0.03996452985373744 -0.002344314184540286 0.04114684097720134 0.05374141431131063 0.059784084297267115 0.0744723288995972 0.09127714478357152 0.10455257077819813 0.11001235726011382 0.12260437390099344 0.1278463401978822 0.13126143970210113 0.1368290888121264 0.1378863514778188 0.17141744126791592 0.17179734899161048 0.17589671203926427 0.18008456501581316 0.18155295081625056 0.18866948404539285 0.1901684502137313 0.19524409881395832 0.19576165426419267 0.20882137490764185 0.20957781707228018 0.2116918742512609 0.21196791729941944 0.22443270458295794 0.22730640142843017 0.23099766217358497 0.23327352083203545 0.23595336278395207 0.24149505195143517 0.2503887656719268 0.25496602087428966 0.2589003122560486 0.260482868980603 0.26245286812090984 0.2721563979087316 0.2760873740054678 0.279533409323249 0.2957391834172638 0.3065245056270538 0.3096622250746407 0.3128904563434153 0.3154630527389817 0.3170998236914915 0.32401632650568124 0.3308992721044747 0.3350498154469679 0.3408622461128319 0.3533909056233715 

CART0
-1.293949385209317 -0.9012420573291597 -0.6273391617197339 -0.5872705463277206 -0.5711942514151942 -0.5396515730341009 -0.5370748295701782 -0.5194361570430406 -0.5086246874267344 -0.438009396910338 -0.3540548386021076 -0.3131355915642682 -0.3088321755763612 -0.3046432296857726 -0.2990704886648128 -0.28734312786112315 -0.21773909139437886 -0.19057922829628393 -0.1843535784642869 -0.18366522534130758 -0.18077495737914373 -0.16594285509505546 -0.12725991857539798 -0.12227268044889894 -0.12209593707976296 -0.10632237026032021 -0.09318410159583856 -0.07757518868095148 -0.07285885041786377 -0.05604443244328139 -0.048749279547786406 -0.045460531357967016 -0.01005449211024656 0.005569110742498995 0.005736344317940456 0.03249324332273662 0.048170690187804954 0.05357116534277662 0.05864997285765772 0.05932473389668569 0.0775827190079641 0.09683757813291283 0.09960808977818869 0.10700057267059782 0.11902123076553994 0.13197907896944105 0.1372059298584637 0.15324448792719358 0.15436775051888485 0.1612566163043938 0.19765398261721756 0.20377615320363052 0.2322082333654738 0.23333754450440236 0.23808786378803748 0.24512190295696645 0.2516768566480929 0.28051098262784624 0.2974303171294823 0.36066796134669976 

RF
-0.612870116250529 -0.5796381994110229 -0.3280281514031054 -0.21618860271131668 -0.1986402058066894 -0.1328425497917025 -0.07501532840321823 -0.06485057539039141 -0.05282493188850634 -0.022884217954534325 -0.014435146443515068 -0.003051673567978197 -0.002498699482351485 -0.0019387095677017019 0.009301531766010451 0.011432985708767496 0.01624661292699825 0.027970720623553214 0.031891237650237714 0.033432751779414516 0.04910887253002694 0.04933597223417341 0.04974265370891073 0.060413514876449526 0.06157431684437442 0.06469919552290948 0.06653977625854601 0.07428066750337003 0.07576775503500977 0.07708870386283095 0.09995684255955173 0.1029977265620382 0.10827516257979797 0.10832632645581386 0.11553322667864174 0.11633935240103654 0.12102014958924268 0.12938038981107647 0.1450998861807763 0.14816213128878286 0.14862542955326474 0.1596584163848399 0.16849399334201753 0.17164035506027842 0.189420310034345 0.18951975396262122 0.19487229798227557 0.19537070236245568 0.20573389362707328 0.21293768261723445 0.22242800126338746 0.23287972146254154 0.24041379310344824 0.25151416828898987 0.25949136119395433 0.2865216857107753 0.3173210161662823 0.34323422268351755 0.35352037243027246 0.3701843591103352 

SVR
0.01612634043010186 0.016876313328896275 0.017594064215813776 0.01888762130701649 0.019678029720382906 0.02052701935411594 0.020583037637530333 0.021375723180217188 0.021895844561709232 0.022487784239793918 0.023330546804317454 0.024863655527277984 0.025168667160276104 0.02536005019489196 0.025468025881563716 0.02580297038051549 0.02599091979353929 0.026477520259331144 0.02692030602300366 0.027366261637046474 0.027987251199144025 0.028455209737865084 0.028632093338262443 0.028797062206248225 0.029242623241564014 0.029245215115914935 0.029860160217696552 0.02999247904458724 0.030067543287610743 0.030069975414285466 0.030369156538671227 0.030573567002421975 0.0305924952687745 0.030678454504683428 0.030725351750539143 0.03133884958457278 0.03180453645818904 0.03191435028071343 0.03194571069902685 0.03203365371550093 0.03229643585722464 0.03237896302765164 0.03241942027828115 0.03413884283052493 0.035281895540211106 0.036708305588391 0.0370416396308656 0.03810467443147292 0.04062354808519164 0.040674160308397656 0.04158701535716802 0.044716261644130006 0.045846056566790194 0.0469786504080012 0.047998790690461424 0.05222916583297632 0.05275635016550739 0.05829821691862358 0.06001446477671757 0.06943318122941533 

ABE0
-0.19647266313932943 -0.10076808437464213 -0.08974669248144629 -0.08668288191724649 -0.0721194230446156 -0.048269346388387424 -0.04505398815743633 -0.029934491997362978 -0.02436823104693131 -0.014230648559006687 -0.0011966409335912864 0.010921028910839126 0.03694915654401443 0.0389993299084207 0.04556733114643807 0.06664189930297548 0.07171815581885022 0.07541308481294073 0.07653604257377855 0.07805461475693876 0.08077597333795683 0.0874999999999998 0.08809190576160475 0.09282932137372735 0.0956697903934085 0.10181677108354181 0.11230700237042712 0.1197661207637103 0.12507091259785919 0.13176367175237003 0.14093194770365403 0.1693009148473119 0.17059619204164123 0.17590524534687002 0.18011236429687794 0.1821002600663617 0.1903900108203348 0.1922084306255376 0.19223205506391305 0.19407093508633744 0.19938169222263602 0.19965891188302043 0.20150133739825715 0.2019786571809692 0.2134164925113199 0.23030973111592268 0.2359963744658813 0.24629946283917992 0.25240502336545556 0.25644928697324154 0.25661517260048095 0.25934835484991847 0.2652085032677767 0.27325975284502624 0.27403761022771544 0.27785845065976345 0.3185412026726059 0.3209235708586866 0.32742068995173146 0.3515702679762336 