CART_DE
0.79999999984 0.9919784580240768 0.9999999989999999 0.9999999989999999 0.9999999989999999 0.9999999989999999 0.9999999995 0.9999999998 0.9999999998 0.9999999998333333 0.9999999999934212 11.583333323833333 21.4999999785 24390243.902439024 27777777.777777776 35714300.414285704 45454545.45454545 52631578.94736841 57142857.142857134 58823529.4117647 62499999.99999999 68181818.18181817 71428571.42857142 86956521.73913042 86956521.73913042 90909090.9090909 95238095.23809522 100000000.0 111111111.1111111 119047619.04761903 121212121.2121212 124999999.99999999 124999999.99999999 127659574.4680851 131578947.36842103 133333333.33333333 136363636.36363634 137931034.4827586 140625000.0 157894736.84210524 162162162.16216215 179999999.99999997 181818181.8181818 183333333.3333333 186440677.96610168 190476190.47619045 213114754.09836063 222222222.2222222 238095238.09523806 240740740.74074072 280701754.3859649 300000000.0 326923076.9230769 327586206.89655167 333333333.3333333 344086021.50537634 366666666.6666666 539682539.6825396 645161290.3225806 829545454.5454545 

ROME
0.3333333332962963 0.38888888869444443 0.449999999835 0.559999999888 0.6111111110601851 0.7999999998 0.79999999984 0.8443627450589137 0.8749999998541667 0.8809523808894558 0.9166666664375 0.9285714283392857 0.939130434741777 0.9564364202555465 0.9666666664733332 0.9828514738768166 0.9909090908640497 0.9981785058670608 0.9999999989999999 0.9999999989999999 0.9999999989999999 0.9999999989999999 0.9999999989999999 0.9999999989999999 0.9999999989999999 0.9999999989999999 0.9999999989999999 0.9999999989999999 0.9999999989999999 0.9999999989999999 0.9999999989999999 0.9999999989999999 0.9999999989999999 0.9999999996666666 0.9999999997333333 0.9999999998 0.9999999998 0.9999999998166667 0.9999999998333333 0.9999999998541667 0.9999999998611111 0.9999999999027778 0.9999999999470108 0.9999999999583333 0.9999999999791668 1.333333332499865 2.24999999775 2.9555555549644446 7.0757575725656565 11.199999997759999 15.999999984999999 22.559523791172616 29411764.70588235 76923076.92307693 111111111.1111111 124999999.99999999 126984126.98412697 133333333.33333333 142857142.85714284 181818181.8181818 

CART0
0.09999999998 0.40909090868181813 0.49999999949999996 0.6428571428112245 0.7272727272396694 0.74999999996875 0.79999999984 0.937499999921875 0.9374999999414062 0.9555335967954565 0.976190475611111 0.979591836724698 0.9999999989999999 0.9999999989999999 0.9999999989999999 0.9999999989999999 0.9999999989999999 0.9999999989999999 0.9999999989999999 0.9999999989999999 0.9999999989999999 0.9999999989999999 0.9999999995 0.9999999999803922 2.4999999979998653 28571428.571428567 121212121.2121212 125000007.99999999 253012048.19277105 272727273.01406926 886567164.4108386 1030303030.5523715 1212121213.6624846 1432835821.219706 1597014925.5959158 1965884862.526207 2024875623.538972 2208955224.1030755 2701492537.7550507 3469115958.80335 3848484850.9909515 3985074627.12927 4358208960.102331 4671641791.203337 6212121212.46856 6287878788.946645 6417910448.044932 6798507462.88308 7044776119.626865 7712121214.702682 9321969698.594696 57343283582.774994 57560606060.90691 58890547263.98282 58898507462.95871 59925373134.50184 60253731343.487976 60731343339.232086 61208955224.80597 62968017057.72131 

RF
0.59999999983 0.8939393938987604 0.959420289740315 0.9771383839121051 0.9855072463339635 0.9861111110700232 0.9978213507560055 0.9999999989999999 0.9999999989999999 0.9999999989999999 0.9999999989999999 0.9999999989999999 0.9999999989999999 0.9999999989999999 0.9999999989999999 0.9999999989999999 0.9999999989999999 0.9999999989999999 0.9999999989999999 0.9999999989999999 0.9999999989999999 0.9999999989999999 0.9999999989999999 0.9999999994 0.9999999994166666 0.9999999995 0.9999999997333333 0.99999999975 0.99999999975 0.9999999998333333 0.9999999998333333 0.9999999998333333 0.9999999998791667 0.9999999998958333 0.9999999999166667 0.9999999999791668 0.9999999999934212 2.8333333319166667 4.3333333318888885 15.999999983999999 21.999999989 31.999999967999997 32.999999967 33.999999966 333333333.3333333 333333333.3333333 333333333.3333333 333333333.3333333 333333333.3333333 333333333.3333333 333333333.3333333 333333333.3333333 333333333.3333333 333333333.3333333 333333333.3333333 333333333.3333333 333333333.3333333 333333333.3333333 333333333.3333333 666666666.6666666 

SVR
89817443.24408993 89833853.44619587 90254872.74239324 90435209.2531638 91348616.52084538 92411090.87218645 93135124.4146378 93562465.45994473 93713419.00791413 94038574.30450162 94326764.01580659 94605159.50447257 94892653.98250867 95058973.25266315 95485690.04761037 95700785.03658502 96013089.78814253 96160388.27678782 96228979.8025701 96385816.48037447 96502701.79255164 96560463.36621842 96628030.23562215 96686697.17536625 96690826.42983323 96793125.96852668 96799360.89528804 96854877.6745729 96869914.50967707 96952909.45207573 97016455.55530496 97116460.4584722 97146880.06611848 97184304.9669059 97192589.49323528 97395197.43622941 97494125.26651058 97530040.32888956 97538188.59056917 97641501.34505637 97673423.85408506 97851391.69037226 97855502.57930142 97890339.20616585 98397653.49978496 98596748.40957882 98780334.92866766 98799111.12430438 98827493.48641647 98996841.45066267 99021415.9807145 99367888.23523545 99548543.23223472 99577390.31365597 99763008.14328972 99825449.80054519 100347742.2766082 100390376.96035427 103525770.79909702 104272322.92834572 

ABE0
0.666666666 0.8148148147242797 0.9583333332141204 0.972222222181713 0.9738562091312316 0.9829931972688809 0.9855072463339635 0.9893179493937141 0.9910529428897883 0.9931972789014298 0.9961206704820801 0.9999999989999999 0.9999999989999999 0.9999999989999999 0.9999999989999999 0.9999999989999999 0.9999999989999999 0.9999999989999999 0.9999999989999999 0.9999999989999999 0.9999999989999999 0.9999999989999999 0.9999999989999999 0.9999999989999999 0.9999999989999999 0.9999999989999999 0.9999999989999999 0.9999999989999999 0.9999999989999999 0.9999999989999999 0.9999999989999999 0.9999999989999999 0.999999999375 0.9999999994166666 0.9999999994895834 0.9999999995 0.99999999965 0.9999999996666666 0.99999999975 0.9999999998 0.9999999998333333 0.9999999998392857 0.9999999998645834 0.9999999999133987 0.9999999999934212 0.9999999999997307 0.9999999999997307 2.6666666639999996 10.111111107740742 31.999999967999997 31.999999967999997 31.999999967999997 87.38095237471087 333333333.3333333 333333333.3333333 333333333.3333333 333333333.3333333 333333333.3333333 333333333.3333333 333333333.3333333 