CART_DE
0.9995539696633616 0.9999999989999999 0.9999999999375 0.9999999999894194 0.9999999999959184 1.4650406503993576 1.9913031474312584 2.1037037015999998 2.133333333191111 2.376488095195658 2.4417989415276304 2.5290322580237254 2.8392812181944924 2.9199999970799997 2.9335122241871585 2.9862804877684597 3.1488218271245225 3.935483870946584 3.97499999980125 4.2155348614364305 4.322585521345751 4.332179930776245 4.354385964476842 4.528153153112359 4.546382589382858 4.617187497454101 4.8632352937473495 5.168831168585033 6.006896550522758 6.609756097399763 6.71428571417742 7.083311603055183 7.244674184762497 7.333333330888888 7.773734176243472 7.787943262328497 7.83866666614409 7.84444444366 8.31111110944889 8.324999995736249 8.671726185033489 8.733560090287064 8.79575791845963 9.1549999989098 9.199999997376667 9.74861379163406 10.165113500522075 13.519999997295999 14.211956507527173 14.428571414142857 15.569060757911602 15.662857127194284 16.672222205549996 19.574468065531914 20.539325822157302 27.411598301382096 53.13888886231944 193181875.120707 791139264.5149497 1564102564.102564 

ROME
0.9075786957986204 0.9428571426685715 0.9519999998095999 0.9535401628001682 0.9857142857042273 0.9895833328292534 0.9927849926119263 0.9936180135102768 0.9938271599755373 0.9977664321735815 0.9989795918265411 0.999404761403771 0.9999999989999999 0.9999999989999999 0.9999999989999999 0.9999999989999999 0.9999999995 0.9999999995 0.9999999995 0.9999999998333333 0.9999999999027778 0.9999999999545455 0.9999999999565218 0.9999999999937925 1.0724299065285097 1.0923076919392307 1.09999999978 1.09999999978 1.1099433642779115 1.1149425283639847 1.1999999994000001 1.2083333332729165 1.2597362772144194 1.2857142844285712 1.3079268292643051 1.812499999918527 1.850095419845916 1.8599999998140002 1.8644880174170078 1.8703007518129027 1.9615384615175937 2.051587301479897 2.1254901960645394 2.3225315687977046 2.3618421052209824 2.4358974354914533 2.608695649565217 3.110389610248229 3.1248468134352057 3.1344537814921187 3.2995495495198237 3.480769229028846 3.5238764044745854 4.762348178101019 5.106770832570421 7.9361473128671385 10.152173912602079 13.462499998407024 13.966966966841138 16.52666666556489 

CART0
0.9516971279360944 0.9857142856650001 0.9936708860633712 0.999538744886993 0.9995648389891215 0.9999999989999999 0.9999999989999999 0.9999999989999999 0.9999999994913793 0.9999999996666666 0.99999999986875 0.9999999999594156 0.9999999999714286 0.9999999999825092 0.9999999999873417 0.9999999999877593 0.9999999999930809 0.9999999999942858 1.0111111109088888 1.0266538214470045 1.0490196077814304 1.0499999999440002 1.1999999988 1.3488372092709573 1.399999999817006 1.4053571427045473 1.4333333332855556 1.4611111111002881 1.499999999925 1.5833333332673611 1.7222222221584362 1.7333333332177778 1.7385620914919049 1.7692307674615382 1.9069767441416983 1.9183673469192002 2.081180811806198 2.205999999995588 2.3478260868544423 2.5441721132270736 2.712121212080119 2.803030302563131 2.904761904692744 2.989057238983175 3.082191780779696 3.1333333331244444 3.2359813084036544 3.245685914528527 3.3529411762733563 3.379084967298176 3.9999999959999997 4.205479451997185 4.570022883186404 4.85106382968402 5.62499999686875 6.127659574402897 6.879926855947964 9.952122147555393 14.333333319 15.053030300362833 

RF
0.8666666665800001 0.90833333319625 0.9333333332866667 0.9374999999707032 0.949074074072191 0.9570925392241847 0.976929824557353 0.9861111110700232 0.9876412282196783 0.9931972789014298 0.9999999989999999 0.9999999989999999 0.9999999989999999 0.9999999989999999 0.9999999989999999 0.9999999989999999 0.9999999989999999 0.9999999989999999 0.9999999989999999 0.9999999989999999 0.9999999995 0.99999999965 0.9999999996666666 0.9999999998 0.9999999998 0.9999999998 0.9999999998 0.9999999998333333 0.9999999999166667 0.9999999999285715 0.9999999999434523 0.9999999999836067 1.002777777767656 1.0544217686967237 1.1304988036069592 1.1883301843542786 1.222222222212748 1.2788038698322186 1.3512060447254712 1.383177570080531 1.3854308389769319 1.5061728394503888 1.534482758594233 1.5661172681465527 1.6318400166874822 1.6468253959726944 1.7222222220787036 1.7883850437507038 1.8448275861750894 1.8773809522624745 1.9359550561159902 2.4259259246893006 2.4642857130727043 2.4999999999553575 3.055555555046296 3.118601747565085 3.1493212669540758 3.2359813084036544 4.722222219490741 24.63888888786227 

SVR
0.989290584634366 0.9897677515888841 0.9913911529460175 0.9917684550248629 0.9919916133009409 0.9931804236847768 0.9948716436963626 0.9960478246625025 0.9962813324388764 0.9964811361719488 0.9969180512229125 0.9970586926008952 0.9988657651870264 0.9996118516820849 0.9998034157221314 1.014881358618564 1.0309895077679068 1.601177695213455 1.6132117324362303 1.6347787740634372 1.641493538969425 1.6871556116583497 1.8618343204538315 1.8744505620431906 2.2210544624961894 2.274916820570615 2.5069831446037547 2.61679491615291 2.645983997143299 3.0749164913707765 3.1920897130795938 3.3497678732396796 3.4870668858541625 3.561770749380683 3.7731015422878005 3.8244297883819667 3.8362510726413017 3.884726277600361 4.254940031622401 4.290249192547866 4.434112845253054 4.795015297909831 4.89287069780919 4.96065058523296 5.943820502365809 6.040566938197252 7.311014070967897 8.221304548336745 8.275616126831254 9.381827477980197 11.724237622940588 13.676764342357371 21.655661936858717 25.50664473385101 26.559879481252455 31.63275861853381 31772743.734173045 40528491.40707337 50296274.62375963 63826144.11354659 

ABE0
0.9096909344190031 0.9305555555167824 0.9375727069326119 0.984848484803719 0.984848484803719 0.9866666666587732 0.9945355186175759 0.9989035082686475 0.9999999989999999 0.9999999989999999 0.9999999989999999 0.9999999989999999 0.9999999989999999 0.9999999989999999 0.9999999989999999 0.9999999989999999 0.9999999989999999 0.9999999989999999 0.9999999996666666 0.9999999998 0.9999999998 0.9999999998 0.9999999998333333 0.9999999998333333 0.9999999998333333 0.9999999998916667 0.9999999999356061 0.9999999999545455 1.0392156862133792 1.0483870967572841 1.0888888888881771 1.1091954022797266 1.1091954022797266 1.2352941175743946 1.2499999999375 1.3066666666144 1.3382066276042743 1.3521126760515771 1.3569444444102343 1.4319046150502517 1.4879227052924453 1.5579710144462298 1.5722222221960187 1.6192632849786084 1.8183946487858815 1.8666666662933333 1.8706838833059303 1.9090413933349177 1.9127725856519056 1.9166666665708334 2.1442996742120126 2.1666666663055554 2.3333333328666668 2.39999999984 2.5466666664117334 2.6451991270898234 3.105691056121406 3.211382113742812 3.4999999994166666 3.682539682364323 