CART_DE
-0.09603830408910885 -0.07772555921992774 -0.05003333004147659 -0.007938200225394931 -0.0032345009176137918 0.020031558328526544 0.028211242563984662 0.06390207943966753 0.06526422979132673 0.06556704086397214 0.06976819692047631 0.10842746243921586 0.11650226079988746 0.12103059994828069 0.12108714525123032 0.12429256409019263 0.13724303567953444 0.15438701636924934 0.15457109252007062 0.15533696697567645 0.16369635672655647 0.1654258185880454 0.1669223815718507 0.1722194212017082 0.1807757266673532 0.18400739291150237 0.2000687386390939 0.2249639810517693 0.24217778391425315 0.24362138039846293 0.2436467012686604 0.24593026158598075 0.2549077917796422 0.2653789178682372 0.27131617422919463 0.28336207799353896 0.28365649266403703 0.2858904917604611 0.2894046061555614 0.29238711339342427 0.2946612868814916 0.2968212214202036 0.31330454706581623 0.3156239275282814 0.3160352814127563 0.31951835742430634 0.32004435186012736 0.32689494026686294 0.32944972772387027 0.3376189946138971 0.3458678210243403 0.3485453243792407 0.3495595690455614 0.3506717218190831 0.35195601453767744 0.35755044609248 0.365288309267658 0.3753800677847552 0.4041407992098133 0.4879478657024068 

ROME
-0.2356519609860772 -0.005706382199194504 0.013628433456700506 0.023151462314195626 0.05127263451922115 0.07476535886023017 0.1051659000554247 0.12600669021970767 0.1321793043672762 0.1394284497102013 0.14545220333432707 0.14855708443421334 0.1489871587023569 0.15823375656164962 0.15954278975584824 0.18354139442971174 0.18749227091453524 0.2040608885828722 0.2215418416427538 0.22376649951726824 0.22971198327359144 0.23315905441043527 0.23932040105233998 0.2443371227583202 0.2456469172937762 0.25955611162178427 0.2627580638742376 0.26579019311119767 0.27359457671957677 0.275988583700847 0.2769160133011578 0.283326783564826 0.2903776823840526 0.29092231198778296 0.2918757324505411 0.2922605093651035 0.2925589482237321 0.29471759481791493 0.3067213683587452 0.31834300157011175 0.3198217672277762 0.3207698183396466 0.3214155172230194 0.3230688574566385 0.326547792883518 0.3334878215874526 0.33945112796260646 0.34062136989914216 0.34289464412948834 0.3488800075191987 0.35805918674778714 0.35817845298709183 0.3588346286556554 0.36015215599132655 0.3683479182326186 0.37377051010349094 0.37773922974669083 0.4029216698596756 0.43235211954332475 0.4352886813857356 

CART0
-0.5387846672666521 -0.4159175724426558 -0.3836121826045149 -0.3525842277730904 -0.33604800540906 -0.32573446635435954 -0.2954978629322378 -0.26625517742334326 -0.23578100090108833 -0.2309561498514261 -0.22231410207555347 -0.20361370716510896 -0.14806093153066624 -0.11371632779631091 -0.08988311117391201 -0.07120192944735737 -0.060145478961503906 -0.043886564388656346 -0.01244420222153031 -0.010412369961677381 0.02089350584277261 0.02231305190407784 0.04451127664210042 0.04587703612625493 0.052963528701817864 0.0630320445299064 0.06445128760448049 0.09262464574852058 0.09793841215056476 0.10372127204703385 0.10765670489156187 0.10794284102227525 0.10907457315785996 0.12790104324160878 0.13552073791117047 0.14088164438784134 0.15194212576516408 0.16434855774660617 0.16547940445206388 0.172151103722176 0.1804239838952416 0.18473445539373856 0.1991098053459549 0.20549282518525835 0.20571011705755682 0.2102451344616587 0.22250835293991256 0.22397086174829506 0.23193429321287784 0.23687509354886982 0.25593977828822534 0.260745216520053 0.26846522781774584 0.29533439688808505 0.3029342986280885 0.30552160628546476 0.330005568261189 0.3403039415621075 0.3831694601875618 0.3894725195883677 

RF
-0.20363397632701918 -0.19096479195244687 -0.13117410132945717 -0.12209758156926598 -0.11948817961280533 -0.0726883600017929 -0.06614733813651297 -0.019183370452857895 0.01544054220579194 0.020007846214201597 0.03654681257599446 0.04254295833151156 0.04379484312394322 0.11335380059659894 0.11788496105452317 0.12408084088961102 0.14584016169561898 0.1524243376269765 0.15618415507796024 0.1683524970461947 0.17564399462503888 0.17800683305344844 0.17809863724853958 0.17975176312175856 0.18429415283385653 0.20396901782849786 0.2060733809744142 0.21203785862170965 0.21573559628124672 0.2164867540872758 0.21927849739523864 0.22897626910375557 0.2299067124494818 0.2375230660646105 0.2387155628534937 0.23897778559287275 0.2430807386103122 0.2500151951667213 0.25735840170986635 0.2945658388644443 0.29982108705040444 0.3074825595807218 0.3103305603239582 0.3121984172939587 0.31315922624839443 0.3234621930464382 0.3296418782932331 0.3335091713402556 0.34429265796878994 0.35000779563936557 0.35483521835597176 0.3560865217620126 0.3719174962587025 0.38209747739494804 0.38767228871962267 0.3899963375712867 0.4036562152066946 0.40832582872335843 0.43859190899065525 0.501129776991846 

SVR
0.011389511089222482 0.018996476937324536 0.022242702224365973 0.022898018426003253 0.024888248611189656 0.025057295935590918 0.02739395006431511 0.02881698867112048 0.03163663690286267 0.03446664630382734 0.034535663542622164 0.03493045403521544 0.03497094306692905 0.035289567281247436 0.035784405289022714 0.03717560792550234 0.03777794980406679 0.03824108850108887 0.038691216462547584 0.039186821674199956 0.03932198796679598 0.041348208981949464 0.041774507113014114 0.04193851222762057 0.043128701912454104 0.04377362603975088 0.04446730663405085 0.045265365261995316 0.04587469484943574 0.04619127663398637 0.04643419075920996 0.04712461406221524 0.047338207483734185 0.047419953928793834 0.04906317499215307 0.04963330969896851 0.04975925475844711 0.05006392625218559 0.0504397683497817 0.05052089228815815 0.05171581187270835 0.051983583458493965 0.0526187762060204 0.053082192725145694 0.056452371239555155 0.05790905225221876 0.05855954451143053 0.058907586350291696 0.06018368776155647 0.060647646590812565 0.06168778817801579 0.06221959527453724 0.06505538940788447 0.06535888411452462 0.06555903876949332 0.06585338220616954 0.07344412754168894 0.07922563261351778 0.08729144865535343 0.0926870275474242 

ABE0
-0.21528593811202512 -0.022136017979742295 -0.005950622494196978 0.068391077361177 0.0748240985048374 0.0892672604694652 0.09197373759728544 0.09653605905735352 0.09879983113201829 0.10441682466118918 0.10933530906011824 0.11800032948435668 0.12711331783043167 0.13578972520908006 0.144621337755666 0.14611816406249967 0.1525704304023725 0.16401825894106736 0.17463321385902053 0.19021157130039645 0.19204936892364566 0.19755546189509177 0.20224683139162714 0.20400112707804985 0.2055237093037211 0.20680927337548505 0.20909020935960576 0.20954987834549865 0.21605703101151041 0.2185615001311303 0.21897459489853288 0.22259769517372885 0.2315765639775711 0.2328219313198887 0.24017785552882864 0.2405799280728793 0.24602023249966143 0.2473758446500034 0.24979595343442584 0.2510184187573753 0.255858718567631 0.2559709714262608 0.2565304645348073 0.25699025212547644 0.2607768610364328 0.2686663908426423 0.272449655537891 0.2789058442361436 0.2827504700510344 0.29122715756822637 0.29226501305483044 0.29962370649106296 0.30694731135714404 0.30853510313650423 0.31068603712671494 0.3108116799588371 0.3128614511264858 0.3137437014262534 0.32833298414693757 0.36943944636678205 