CART_DE
0.1906447316495659 0.20536113179448995 0.21453647344618104 0.2202160327912915 0.22164111336289902 0.22422879177377897 0.22599134767058685 0.23094682724806018 0.23221129546730163 0.23307499176372787 0.23317758941492664 0.23350517370778145 0.23504534900029614 0.23530038346825735 0.2362239986997377 0.24006276150627615 0.24042013763129305 0.24246558942563393 0.24254031603880724 0.24389139789527506 0.24467266489336828 0.24577367978855263 0.24800508069336522 0.24887469077246438 0.24998221842882043 0.2528849752673053 0.25339282725514845 0.25347046025617453 0.2536956696392705 0.25425612725932223 0.2546929407595335 0.2552080295493429 0.2559770938644647 0.2563444650721075 0.25658914728682175 0.2571941793373735 0.2584647365489352 0.2585392899746298 0.25910020345294715 0.260786948437097 0.26087289903079375 0.2609162313401835 0.2625562402190924 0.26333204430916624 0.2642411256848457 0.2656350575421136 0.2657673557779452 0.26901609036789353 0.27048359582064696 0.273102340195547 0.27443535031078825 0.2784748774839787 0.27951545979541603 0.2817627959757878 0.28389562495309767 0.2879669579968286 0.2914073582406481 0.2933663908277201 0.2936424781652888 0.31393453755262807 

ROME
0.1824393544633598 0.18423763736263743 0.19470425947109887 0.1949632261796546 0.19634626392687016 0.2012226184411615 0.2038736873151675 0.20540786184957965 0.20621269494897632 0.2063248758350391 0.2074879852657631 0.20798024788286495 0.20961398838334946 0.21074646074646075 0.21099697061253522 0.21109684256791245 0.21126807358989874 0.21187272081840763 0.212089342948718 0.2122976890956873 0.21392909416165226 0.21562432584985736 0.21562988211901715 0.21566229968371622 0.21582200748276273 0.21607142857142853 0.2190801698138281 0.22292023794986573 0.223167002312225 0.22336845657141977 0.22505409323613826 0.22542910208786987 0.22548529722827623 0.22695921341373929 0.2282669461914745 0.22831803170362186 0.2303080308030803 0.23106689091566637 0.23180686738563516 0.2323607137860773 0.2355113636363637 0.23771829230382507 0.23819285177893698 0.23914410605882652 0.23934805989906519 0.23977509113080453 0.24049240811692923 0.24174650971804 0.24449101389148659 0.2501891699612434 0.25060312108032384 0.2517441143843215 0.2537690111076915 0.2537705685406452 0.2546428813426068 0.25741960114825824 0.26029884818927057 0.2723926246340717 0.2753098011874775 0.28426204819277107 

CART0
0.21214882308276387 0.21382723955929803 0.21666666666666667 0.21790964672876495 0.22152971047296632 0.2258464079273328 0.22913789590683623 0.231854822048372 0.23362748889350668 0.23547267996530788 0.24131500794253746 0.24334600760456274 0.24349743771925147 0.24367866628713436 0.244158571803623 0.24426450742240216 0.2461383379287853 0.24968044311887516 0.25049603174603174 0.25251855779427357 0.25333333333333335 0.254142457499462 0.2544764158568685 0.2550607287449393 0.2552724734506656 0.25572255929398785 0.25624717186954155 0.2568962534881547 0.25717892079520355 0.2588979223125565 0.25904622336203215 0.2607244995233556 0.2618943692710607 0.26361669488354866 0.2644628099173554 0.2652045776399893 0.26692665117822767 0.2680702852893985 0.2688737081800665 0.26907073509015256 0.2697374474761599 0.27353311134408004 0.2736504230905451 0.2745664739884393 0.2748939701272358 0.2773330686489307 0.27863593155893535 0.2797225891677675 0.27989182396809353 0.2869585073593547 0.292852706166139 0.2940760680612319 0.29832286521081536 0.3004685745265848 0.3040703177822853 0.3070919367854818 0.3196048137908603 0.32546419098143237 0.32556506033163585 0.35488190440766226 

RF
0.20191941755605203 0.20226876090750445 0.22164124909222951 0.22473246135552913 0.22549719530851606 0.22610415293342123 0.2270379190327899 0.2295099984064864 0.2299338981524958 0.23204168501394398 0.23221675209793874 0.23310290339202222 0.23419012647898818 0.23476599808978024 0.2356344296103333 0.23657316808001744 0.2371103178650349 0.24500388694682967 0.24527384258169774 0.24723521116306682 0.24895130403064017 0.2508712549877715 0.25120387657319626 0.2547421748704828 0.25745257452574527 0.2576272609005833 0.25869235269194785 0.25949435408076804 0.26000634306193793 0.26131713285238156 0.2614978542402492 0.2637143235698589 0.2655756671508521 0.2661645634861256 0.2662500232501906 0.26857892044001025 0.2698306623594997 0.27030478460752594 0.27034400948991694 0.2724224707744805 0.27270177125911677 0.2737125947715852 0.2762153913233049 0.27731384829505923 0.2798898071625344 0.2803081474906871 0.2812200108482496 0.2830017185761151 0.2839295854628052 0.2884075091899021 0.2901660101294316 0.29127543035993747 0.2938764102337537 0.2941562932215196 0.3007496474430343 0.3107448912326961 0.31686206052734806 0.32346743295019154 0.32928934592230924 0.3368847594673789 

SVR
0.6227293533840166 0.6392527942217227 0.6414380620146094 0.6426878437186901 0.6437183732936999 0.6579707062277174 0.6594501910887467 0.6632060555132535 0.6672487805739936 0.6682742285674875 0.6727105937115273 0.6727227182279386 0.6780919571022802 0.6811439992096928 0.6884221115668427 0.688816206418613 0.690471101598606 0.6909193997774999 0.6920016974381671 0.6927128759462345 0.692712973075897 0.6927245098820924 0.6929418410709748 0.6937722986084447 0.695148130088483 0.6951687121750508 0.701868276017836 0.7097564647911173 0.711748686167723 0.7238364802115104 0.7293619198601469 0.7307898678457873 0.7309526074661309 0.7340037836661671 0.7356186766613738 0.7382847597997493 0.7400646540580489 0.7451991101411974 0.7496091486155916 0.7524997876968339 0.7543351010077235 0.7573626600815859 0.7585564949847452 0.7679112680385518 0.7700705329982923 0.9492257932428774 0.9942127430246255 1.0254702146024637 1.2790558810533406 1.4133255512048952 1.435971655647841 1.5183874566060576 1.5545192739027178 1.5752449546479343 1.7649143682673087 1.8343034897488133 1.9467056758849166 2.2113155861589595 3.3026496614668237 3.4149300825466398 

ABE0
0.19015003261578603 0.1982938459246014 0.2006839721781538 0.20828846679039636 0.2083203586144704 0.20840367660851622 0.20840367660851622 0.20889801505817937 0.21388316567688764 0.21393859406811738 0.21442006269592476 0.21549587168124834 0.2156258622275361 0.215937251915342 0.21593915343915351 0.21624815361890695 0.21731674199728443 0.2174857507274104 0.21884037531300504 0.21958400679915915 0.22018519468902403 0.22124912344888564 0.22127022983816128 0.22241890339809556 0.2228538942581012 0.22420187501758831 0.2290909090909091 0.22950533761640543 0.23083253608205007 0.23165869441687448 0.23266593372927463 0.23454948319925475 0.23645820877675475 0.23979936409649336 0.24155845430734635 0.2417533073666935 0.24210388932393637 0.24306930693069306 0.2433514973685436 0.24493859940258877 0.24530181795885828 0.24697784519213098 0.24729524648749213 0.2473316475269969 0.24735003796507213 0.2491672788382339 0.24945986619581906 0.2503626981066241 0.2514997692662667 0.25200320512820523 0.25226849300064136 0.2533900020238819 0.2557465303578211 0.255887351298859 0.2563837834948389 0.2617163079987708 0.2629926205055739 0.27203525641025633 0.27655393267463024 0.27774538386783293 