CART_DE
0.22833404410868766 0.23666376748568535 0.24518600895767956 0.2491313783749119 0.2524713325425068 0.2590442497859488 0.26404759521187593 0.2652273895517139 0.2680774440810616 0.26808975377283556 0.2734301300292329 0.2765002446340063 0.27835514858715804 0.28229412302100704 0.28247889485801997 0.2848963203430321 0.2855949319268268 0.2859030984407414 0.28608252068424755 0.28883732699312986 0.2899878432288562 0.29029118084193334 0.29059103815149634 0.29157261767232434 0.2932626298186939 0.2939578325320514 0.2940001815376237 0.2951828072738457 0.2968893601979498 0.2970423627126351 0.30124389499389503 0.303011044500783 0.304854270649026 0.30527068661971823 0.3055579766989163 0.30978557250838534 0.31417995946065036 0.31537714687468604 0.31539221638868054 0.3167836033108562 0.3169186018526242 0.3180235773856649 0.32068767638018714 0.32296781482900294 0.3246576223793918 0.32508225375282757 0.32658141909859656 0.3270639184299967 0.3273125884016972 0.32780288671818053 0.32924691500403647 0.32948492198049184 0.33393769480835406 0.3375111806797853 0.3414088833413028 0.34315451532725755 0.34861649264908656 0.3781222175390533 0.38573597606418564 0.3936683026652003 

ROME
0.20926756352765327 0.2189148664408285 0.22523714979042572 0.23413944279451276 0.23575166171687167 0.23937928197563077 0.23973450468738655 0.24116161616161616 0.2448786534446764 0.2470225109576022 0.24760348583877995 0.2482047421904403 0.24869578902815137 0.24874850567842188 0.25000640779187494 0.25135307226997783 0.2538196379310737 0.2552787663107948 0.2580071174377224 0.2594551120940987 0.26269168005249227 0.26478873239436607 0.2669570628500311 0.2676008299352858 0.2680991735537191 0.26927643992077677 0.2695329165621472 0.271074525427701 0.27277540215841983 0.27518007624835267 0.2755903034913424 0.27584169986289686 0.2772869649313442 0.2778143997656192 0.2785874035507031 0.2819444444444445 0.28216185041640635 0.28365514693639693 0.28453607574486695 0.2872203350122994 0.2881594736981381 0.28863913573793337 0.2920530928273632 0.29545844780219793 0.2966128286431497 0.2973937810125967 0.29785570985643944 0.29962435745353894 0.301650235747964 0.30301263362487857 0.3030884941590654 0.30338526831491397 0.3047186329031107 0.3060621292393758 0.31097245311547095 0.31464330413016267 0.3310959507042254 0.33373658190381716 0.3588222462259071 0.3701702877275397 

CART0
0.23420518359611356 0.26820222647808856 0.2753544567130741 0.2849462365591398 0.2895016350387517 0.29256783326779395 0.2965653896961691 0.30107492037626843 0.30650545581372174 0.3067712634186623 0.3097713097713098 0.31398854962957745 0.3231388329979879 0.32674406210584284 0.3281853281853282 0.3288338215501544 0.32959758815047846 0.3315754779169413 0.33161753618107315 0.332183908045977 0.334514842711564 0.33495790872840053 0.3357478202548625 0.3398390739512235 0.34089663477593 0.34175217048145223 0.34291938997821353 0.34291938997821353 0.34310775102759833 0.34490026345502445 0.3456336371655395 0.34649850647195485 0.3480826825530519 0.3485300383468257 0.3553873377900118 0.3572841133816744 0.35747763101832125 0.3602657935285054 0.36103633916554506 0.3615551608446812 0.36172228303275183 0.3636978298493059 0.36493248337788753 0.36850477200424175 0.37506261117446554 0.37556447566482687 0.38020662512299114 0.3826582264362668 0.38612225631342934 0.38875809299587993 0.38908770278436294 0.39287177386317085 0.3933768188660311 0.39585900912003946 0.3972169512966477 0.40295466123280693 0.41421527457596796 0.4188493189660093 0.4231128551426503 0.43041662251890755 

RF
0.24054336468129575 0.256198347107438 0.27331365475019137 0.28136669843214057 0.28802910052910047 0.2975200334206828 0.30012472715933886 0.3063366718027735 0.3075031136179337 0.30954994511525796 0.3114258048898572 0.31213325761877714 0.31263616557734203 0.3130109787432843 0.31556225943702076 0.3183376178234791 0.32107307598931784 0.3233716475095785 0.3245414150620941 0.32462132462132465 0.3261316872427984 0.3264781491002571 0.32655488167439645 0.3286472148541114 0.3335682906038948 0.33434824816874065 0.33634486172001266 0.34341931216931226 0.3444845304471411 0.3457901333029509 0.34726511785848574 0.34837366083356613 0.349194559606446 0.35446355446355443 0.3560309029865335 0.35674812252062105 0.35876073723136453 0.35923871160814125 0.3613704975581964 0.3670520231213873 0.3716275069793805 0.3724657125819916 0.3726635514018692 0.3733875490745934 0.37642319145209324 0.3777673838478328 0.3800192156968918 0.38384366404691544 0.40092332107047535 0.4010267430754537 0.40130486358244366 0.40614384876679954 0.41115196078431376 0.4251760563380282 0.42620018996879916 0.4357483601669648 0.44436080792874166 0.44554709995886477 0.4556751765266028 0.4895312436475992 

SVR
0.26468735311663416 0.28120197461958385 0.28426561807719364 0.28655192830384235 0.2906110921299577 0.2917591647335893 0.29360999105945285 0.2939971915150336 0.29524274376474124 0.30064900369695846 0.3016568384267371 0.3025940808870927 0.30582592236314177 0.30664703664101617 0.3070076957435377 0.30726266001665004 0.31144075257978115 0.31167416845070334 0.3130702820117995 0.3138284077910999 0.3145422799512894 0.3150472995525615 0.3154883379413997 0.31583205462106667 0.3164025748128322 0.3206522567652862 0.32164843676769683 0.32226236722281754 0.3244947353279703 0.328740569079845 0.3296778016444464 0.3314325967281718 0.3336069800669535 0.3340055643364152 0.3343326215831321 0.3382537392378107 0.3418021051049794 0.3418506649949707 0.34257945140524165 0.34277124618729565 0.34323228730848426 0.34532521357696466 0.3458056508564792 0.35449518049006046 0.35529263819629975 0.355868878346806 0.35922553014665 0.3623690753778344 0.3665794510865035 0.36917342260257974 0.3704776300892144 0.37721913091312587 0.381540525564839 0.3818038050987208 0.3826825754434106 0.3836831896679015 0.38462430853489477 0.3857849123038738 0.387930809700201 0.39571386579324114 

ABE0
0.2498075442648191 0.2620421575699287 0.27535470310036786 0.27665526744729974 0.2773196853378827 0.2950907150480256 0.29541686398086586 0.29641153287699645 0.29644221585482333 0.29888728621471256 0.30652759084791387 0.3073457813090338 0.31344165435745935 0.3152747109386171 0.31778392877896167 0.3186141304347826 0.3193717277486911 0.32158096762148614 0.32239086951406043 0.32305037626918676 0.32340425531914896 0.32502450929267224 0.32561044721796284 0.3267658921251484 0.32901869675849094 0.32910009558923936 0.32972870423069633 0.33085294002951643 0.330861581920904 0.3364113376425597 0.33738254779481347 0.3384999109210762 0.3391156086161047 0.3407279599046915 0.3434051216114861 0.3435745937961595 0.3450123218686381 0.34713701431492844 0.34742039600653046 0.3478958834995987 0.3496584418998212 0.3522513552384113 0.3531196892449624 0.3542308680020544 0.35770907512359396 0.3590342679127725 0.3611986793591532 0.3612582250040123 0.3627652998145477 0.3641718641718641 0.36800258441479883 0.36956034096007173 0.37268875192604006 0.376463768115942 0.37806513409961684 0.3788178422324763 0.3813035886178303 0.41033160387999096 0.4134042210407605 0.4385781495033978 