CART_DE
0.1273240822396846 0.12903569636625462 0.1333651278968985 0.14141745113568077 0.15441830262041462 0.15660586918071948 0.15759532454664207 0.1605180856104881 0.16271026931957855 0.16392476079080465 0.1641018826551881 0.16417887299672576 0.1644516690698371 0.16527123208617878 0.1660744680016629 0.16704267202245027 0.17009237709245312 0.1705375079621736 0.17195269325059903 0.17296327263866698 0.17322845306111398 0.1735601948835142 0.1745797169986276 0.17524031301616527 0.1770767114189477 0.17952885655069944 0.18193136123315218 0.18217345444335684 0.18284677531639504 0.18365393881937386 0.18493849152564257 0.18508078508918727 0.18566649823143003 0.18633071825154446 0.18648879921701147 0.18662641141588365 0.18706731889121833 0.18708824030653481 0.18791660207719732 0.1889348183871091 0.1892183374329932 0.19097177908177537 0.1918379759802378 0.19249377136566428 0.19329263659160564 0.19333760000000008 0.1943741867293236 0.19485297322245101 0.19617351675246852 0.1971365750401288 0.20129602686763393 0.20171149620533274 0.20267261152873353 0.20484215718513654 0.20809927270952266 0.20838400871633633 0.2088193307291915 0.20902470720613633 0.22037441373293237 0.22729352920779877 

ROME
0.10861366569861253 0.11323043214586145 0.11525637051856445 0.12174740339552281 0.1253591756803748 0.12649526309781992 0.12678766557202992 0.12814555019728188 0.12973760188047734 0.13055555555555556 0.13617213896567892 0.13658688258549898 0.13813967268142077 0.1415184982907539 0.14190903360578447 0.14199538024164884 0.14363646939555605 0.1446615467551794 0.14686518649110242 0.14703973483316066 0.14893464466246817 0.14997317134902552 0.1510757115159989 0.1512400493094586 0.15266778071081435 0.1533112850698869 0.15702895013239834 0.157690320466775 0.15915420640854444 0.15994775221771163 0.16207144569647566 0.16273266889638527 0.16394821087774075 0.16398563116323855 0.16466563238861465 0.16474049814275873 0.16634663971702882 0.16672389878667904 0.16793987283853365 0.16798538303282198 0.16844756399669694 0.16940194479917725 0.17166691605566362 0.1725087135614702 0.17399406819627702 0.17476664706747022 0.1763929150836276 0.17681361335539764 0.17700245700245704 0.17862964956377175 0.17904199075483712 0.18356006222945187 0.1845964192128464 0.18460578706228864 0.18768023315267407 0.19481943804562596 0.19661031970929854 0.19937991325562487 0.20053893852171986 0.21317419619290778 

CART0
0.1431056389157793 0.1648963481162955 0.16885910224438902 0.17290580533887343 0.1786913265007965 0.17936924458832415 0.17995734562302357 0.18043705380463174 0.18115985941098048 0.18165772222341572 0.1840020500603486 0.18430737908172587 0.18672185318495738 0.18830079316656498 0.1896926908529763 0.19252211450784412 0.19471481333070334 0.19621526581957258 0.19681186394884573 0.1976696083838941 0.19809091188115774 0.19809091188115774 0.1996742746608688 0.20151066575571244 0.20265192215974714 0.20281945441477262 0.20340848705685874 0.20597616249790163 0.20614821849895093 0.20632871819269258 0.20797822817446107 0.2088416874908129 0.2117852207672567 0.21197536769101996 0.2133790203255198 0.21432706462230597 0.21485551106558648 0.21513038670639187 0.21644378694705801 0.21777618990909453 0.2179275750704322 0.22157569040362057 0.22201426191768514 0.224105555620415 0.22800425111971456 0.23007830492860434 0.23106179926386838 0.23225499880378783 0.23539686271875315 0.23722543352601155 0.23982876098257044 0.2404021597467883 0.24071489423408074 0.24161053461981916 0.2512257818822297 0.25244873937867107 0.25902632191940367 0.2623277588736922 0.2626972810855991 0.3311709776051566 

RF
0.1457048526755123 0.15693467899977404 0.15729930857415833 0.15795868065505192 0.16088758563908578 0.1619555986897974 0.17326491750143455 0.17346704948306313 0.17356737969329572 0.17421617555124663 0.1747410827808274 0.17565419920537065 0.17618367832500598 0.1774863370130031 0.1821948144145289 0.185172892773291 0.1865363456513613 0.1866486806606567 0.1897777420090406 0.19069803556176715 0.19270183627754747 0.19274734420130224 0.19335091504834967 0.1937758128195331 0.19447045488147455 0.1947316617038034 0.19635649612741354 0.19652953029324882 0.196998199728948 0.19866230744306423 0.20291754756871036 0.2031130110709196 0.2035818472944222 0.2041726331816781 0.20571456744921304 0.2067327097843683 0.20739205945669253 0.20818201570599373 0.20875618245099836 0.21027950632933315 0.21068880004048787 0.2124273580688422 0.21624744208084784 0.21838061465721031 0.21971975472709895 0.21981292517006812 0.22044229995979098 0.22132006633499177 0.2232792992502964 0.22379471148286978 0.22548924238570672 0.22617914048117824 0.22767748340462043 0.22791989739028434 0.23273395668504762 0.23481862182525823 0.23516763426454285 0.23635554727835192 0.23978764328823948 0.25026968157092583 

SVR
0.1841567440031332 0.20192920140166992 0.20385595290413516 0.20398509971204865 0.2040331993755528 0.2040334016954659 0.20421688839701907 0.20453399986730286 0.2070218534487765 0.20941345752205826 0.2121845371497072 0.21396259985309005 0.21584878529550017 0.2166361555857459 0.21769692397814014 0.21949499716487386 0.22306738119650937 0.2233288532338603 0.22339729485329998 0.22456944733173914 0.22553216491268782 0.2262380497638783 0.22688590836394493 0.22749807065527622 0.23209677904525405 0.2329793177696461 0.23333542578323196 0.23392580687460449 0.23403022997849987 0.23516388207944677 0.23735232049245222 0.23801497354419765 0.23869414338854122 0.23902209370608024 0.2392459689344063 0.2423773781982744 0.24377543998807344 0.24499484495752355 0.24544564342442285 0.2503251431457831 0.25235381455292755 0.25317821225796944 0.2544078735471229 0.25941009206140886 0.2594553660218295 0.2598177481545045 0.26010682857316403 0.26204378044129456 0.26709218115064925 0.272268125123617 0.2742828802821017 0.28118155218825214 0.2824428812421739 0.28494242153011223 0.2855816667629581 0.28689399398081217 0.29194341353622877 0.2944495320539144 0.29826532588223725 0.30221000764279826 

ABE0
0.1440141880293245 0.14797111895097562 0.15644311650287382 0.1585039989750911 0.1614066126393487 0.16296428174029154 0.16531174974446738 0.16693185322232496 0.16828491533322976 0.16950089865892437 0.1719232607363388 0.17245172793141383 0.1726992105335045 0.1726992105335045 0.1726992105335045 0.17517856974985346 0.17668212236113262 0.17787173944870366 0.17970628983523151 0.18038723281059146 0.1821560162563057 0.18388073608199396 0.1839992327085388 0.18417601549921012 0.18534712815993623 0.1858772218823049 0.1868135202378785 0.18754555705992773 0.18786373399570425 0.1885736545768815 0.18967843641240595 0.18987605948606096 0.1905627639351373 0.19359668014918316 0.19613372754150557 0.19714229547547357 0.19725197712368153 0.19923312735180432 0.20469644648252755 0.20811884277091802 0.21047485534667804 0.21166984313150564 0.2124623257883771 0.2133301366578758 0.21401264840661505 0.2140530219781035 0.2148412560218236 0.21558452516559085 0.2186700363291739 0.21912568306010935 0.22005000315904438 0.22141527404522166 0.22173314267061464 0.22338706419423912 0.22351639504620419 0.23033156162996712 0.23107411811335707 0.2332095473877991 0.2345252013510002 0.23979936409649336 