CART_DE
0.7020999782250006 0.7060351799105029 0.7142373915133269 0.7143381458708934 0.7162891860714635 0.7182400542043155 0.7192225776455063 0.7207350122821741 0.7224621702393069 0.7249633933588251 0.7266254982188071 0.7271394758757195 0.7296052706894183 0.7315588381866236 0.7335367381659501 0.7350046163965499 0.736134589657965 0.7391770782679123 0.7413542418618133 0.7439610531034 0.7457444082324911 0.7458305270293712 0.7459024353486075 0.7461835967066206 0.7462203882354503 0.7478632201900197 0.7480385337449885 0.7481665431968163 0.7481944537454506 0.7494032473096643 0.7495532396526986 0.7495917991713075 0.7512646231260992 0.7517066468513637 0.7525948907825166 0.7528074896166839 0.753017602129013 0.7533036980884817 0.7547722180827682 0.7553519645203592 0.7572489846931494 0.7575404748161115 0.7602042326061547 0.7610115991248075 0.7636619739692573 0.7647197483332212 0.7679793657903986 0.7687099898425969 0.7692906316094812 0.7700312117820876 0.7708891136617112 0.7723828454788215 0.7724109702089841 0.7765566514656184 0.7773254745367078 0.7829151003307208 0.7874447106379643 0.7908468168696725 0.7960093458233726 0.8106515587890192 

ROME
0.6926434419505723 0.7250229072052607 0.7375941006878041 0.7385540330290263 0.7462135473724281 0.7466003228019837 0.7474576282358911 0.7480886709654204 0.7497915350696266 0.7498872360427569 0.7499097158434038 0.750274347682636 0.7515248070863099 0.7538714823218713 0.7539614456759912 0.7542483726872258 0.7550099176912426 0.7551967207662132 0.7578925307276698 0.7584244477371854 0.7586309288393962 0.7613325785879039 0.7616982659371659 0.7643502890791345 0.7645398086050287 0.7646902093430289 0.765231463769323 0.7663157622281878 0.7670013701001073 0.7670868137375048 0.767826167851725 0.7678648021262018 0.7693385703405139 0.769501833420159 0.7734916529529599 0.7741710190173152 0.7749470076254938 0.775928791789237 0.7762443749990542 0.7764164490195234 0.7768709518211714 0.7778345008980043 0.7782395697697515 0.7790833323027766 0.7797289143596423 0.7800611605618087 0.7807509026699433 0.7810066642182194 0.7812154399367921 0.7831187804780666 0.7849259467681643 0.7850834210989137 0.7852752823693774 0.7852817246543538 0.7922250296539814 0.7940919928098698 0.7968617014412166 0.7969189111314536 0.8006121854271739 0.8024241616743666 

CART0
0.5961137624191292 0.6459721281220286 0.6555300657547211 0.6568806737574112 0.6662381023988575 0.6669406764649328 0.6689697175208005 0.6746259711700966 0.6750039024787526 0.6780672936979986 0.6795844547874318 0.6798255656850851 0.6848944365117419 0.691504725861223 0.6916306790250051 0.6929897552001228 0.7016034247495422 0.7018421602680764 0.702675559997246 0.7028694714041599 0.7034500974236848 0.7046154208422049 0.7051306044814865 0.7053716021841339 0.705829192084046 0.7076495032973598 0.7085505208006184 0.7090773759450413 0.7108895862642368 0.7112669631759979 0.7125228647630452 0.712796855419623 0.7128986291975413 0.7160983592019965 0.7166032390394357 0.7167179681409395 0.7191535910560666 0.7198787894687929 0.7212898260273295 0.7243798536277686 0.7246667065717167 0.7249769316417759 0.7259222001853998 0.7286111540179422 0.7300722324353061 0.7304899226666736 0.7307470899329398 0.7308517124017802 0.7354372457823278 0.7358088802997055 0.7361832188441041 0.7372743408209637 0.7377273464395757 0.7477417006269659 0.7491572567940008 0.7500711790077491 0.7509678914788983 0.7555380340288274 0.7556194995636725 0.7674801965078739 

RF
0.6930828113053371 0.6972989381021912 0.698161784890478 0.7013043121679173 0.7051409248050364 0.7058106743724543 0.7114697422746793 0.7137796216197383 0.7168690883111042 0.7174223944498406 0.7182119375947329 0.7206438495302505 0.7222882456358423 0.7232978450102261 0.7249531182195773 0.7253271034170845 0.7262437899954425 0.7288804298020868 0.730002874081551 0.7306893669539509 0.7325660453371943 0.7358713123779204 0.7384469134678799 0.7388303705796709 0.739604194559464 0.739729548256347 0.7400498519125001 0.7405340812808602 0.740687678042344 0.7419641149478089 0.7429352107908554 0.743336040142375 0.7440239106720279 0.745257404714764 0.7464592308022869 0.7466104048595242 0.7502459218520834 0.7510134045297094 0.7527144099374663 0.7551042224030964 0.7553910134174575 0.7561741196677108 0.7572858457187669 0.7582801833811781 0.7593540410051784 0.759420228108494 0.7594225053619819 0.7608554732768891 0.76102763393932 0.7690448791714615 0.7709029398236049 0.7713854741896065 0.7717014143838347 0.7776266200575122 0.7777475219121484 0.784618672306963 0.7846929295126401 0.7864675739110072 0.7922236260604407 0.7978198534907379 

SVR
0.6177154857438336 0.644026215011037 0.6441353627069759 0.6458291064496178 0.6492131681516037 0.6508703138289409 0.6565589769013707 0.6574104636784464 0.6601416325055238 0.6614910590242461 0.6640935550277591 0.6662882597716672 0.6664554256815278 0.6673115756462186 0.6679809617689014 0.669220104922768 0.6738914769749837 0.6742560896365056 0.6745704566425436 0.6762176079460491 0.6762686707556853 0.6792249965747224 0.6793742603357297 0.6796226800079214 0.679875430216504 0.6808753622939708 0.6812607033469986 0.6821475910242505 0.682424861524893 0.6827802924543711 0.6840303227838129 0.6862388901327744 0.6867787200597257 0.6879355026119596 0.6883049037409823 0.6883391681894129 0.6889057612781351 0.6891085047930999 0.6891830856755639 0.6917001499334979 0.694456094444014 0.6952951434867269 0.6972742736533792 0.7005627981439895 0.7013499692358838 0.7074250529786745 0.7084324699485902 0.7093188434573809 0.7110641564826725 0.7135408517559914 0.7146523053761173 0.7173808671032452 0.7218127994375272 0.7219504003946147 0.7241477567641954 0.7325441366302927 0.7332021939862696 0.7337081736877258 0.7367180157580404 0.74983258431209 

ABE0
0.707120421797073 0.7087625998592233 0.7105274784327302 0.7189597731911543 0.7239986648232123 0.7275757323005589 0.7320263449556006 0.7322299160449809 0.7353244833551582 0.735373144007817 0.7378927570869143 0.7384447380498425 0.738928710522083 0.7403225153803268 0.7407927310075946 0.7411486581277118 0.7413653120245686 0.7420152093209266 0.7426474581741351 0.7453232333199629 0.7455916131774858 0.7468768618640338 0.7487954570049007 0.7498582205981361 0.7517511815748275 0.7530022449209146 0.7540168510048616 0.7540769130221009 0.7568152262182621 0.7569713781409777 0.757197534650595 0.757713036215707 0.7582637065467654 0.7590759807295446 0.7597331264818294 0.7599619957138253 0.7607265670104307 0.7629008477315622 0.7633619403057579 0.7635865705778065 0.7636710335806527 0.7644818029197212 0.7654443794094484 0.7675312244719276 0.7681246379816344 0.7687951699463327 0.7690620813939731 0.7697846166987328 0.7710407806888641 0.7728000987471456 0.7735647481100751 0.7748291382303619 0.7750436501949363 0.7753091448740645 0.775725316727433 0.785464600111907 0.7871156749213232 0.7904995471128282 0.7973923053739853 0.7976093967071218 