CART_DE
0.662326654172525 0.6668339280987803 0.6670589129706956 0.6679268181142499 0.6688187172778949 0.6914172388629993 0.6926871228218796 0.6928551689511224 0.6933150126123464 0.6986041128202971 0.6998780188993985 0.7015101021099573 0.7035407827048916 0.7051046897353996 0.7055463506068117 0.7069656205673241 0.708113566050182 0.7083326790101707 0.7083354492237686 0.7089603768394714 0.7098148999064895 0.7100423813098946 0.710329780205404 0.7150984987086584 0.7153916690176212 0.7179897613082266 0.7180531315384053 0.7185963940640308 0.721298460586453 0.7220575615540377 0.72374026622376 0.7250537472729948 0.725614662604696 0.7269200298353466 0.7279822053668437 0.7283614706875757 0.7286653001220035 0.7289152385987668 0.7297208848242852 0.7299435147568136 0.7301341515598296 0.7305368907534895 0.7314089556924279 0.7328552767724323 0.734670667776395 0.7388135940202001 0.7389240692701894 0.7445333667854521 0.7448286267032203 0.7449232046645413 0.747063467778131 0.7474500929542525 0.7476781836728683 0.752097613902319 0.7545532258467228 0.7590906248425519 0.761516603818961 0.7620454349035457 0.765100409781518 0.7752695259008832 

ROME
0.7086615377710852 0.7155868606995176 0.7206364625547739 0.7208580086947232 0.7216719668070459 0.7236426465473431 0.7269127093413446 0.7298692537273506 0.7317357752775788 0.7319318261077494 0.7326826004369136 0.7329068171641933 0.7345347978217834 0.7359021641890151 0.7371507329250737 0.7374959450141495 0.7380454962851788 0.7387585402693404 0.738951664282912 0.7394667033380997 0.7401908039305825 0.7402089860566855 0.7405297808242897 0.7407071413442919 0.7421845140862289 0.7426691827200729 0.7429920502332064 0.7431923567657276 0.7439563594349576 0.7444924212986063 0.7447311399603833 0.7448808273387142 0.7469477253190426 0.7487445140670699 0.74928696760778 0.7496991461670086 0.7504384883703188 0.7521295344697541 0.7521556610043337 0.7528134579726656 0.7530269587272291 0.7533138457115132 0.7536645866551612 0.7542023385494151 0.7552589793745792 0.7555186664206164 0.7560766838191773 0.7575077984015393 0.758005970123842 0.7581332212623147 0.7603644583135141 0.7616413435823897 0.7625925361417539 0.7696871419296509 0.7718019203699265 0.7720762167445718 0.7725637928788649 0.7743867787083727 0.777597498341261 0.7799858701467746 

CART0
0.6137626437085297 0.6262562217233765 0.6269032507416162 0.6272129976005832 0.640575257910523 0.6408791013850185 0.6445017758003297 0.6479819099954017 0.6486568239131116 0.65218290449927 0.652344757315198 0.6524420876637638 0.6542919633572171 0.6583007308353857 0.659956928434938 0.660623662751815 0.6608149922287951 0.6610603377389483 0.6637289366494407 0.6643201959979507 0.6706258141545982 0.6707882367588021 0.673168748110452 0.6732133001317182 0.6737828441370857 0.6744177485467057 0.6744953669165188 0.6759144304269458 0.6768456460243235 0.680201867817364 0.6838945929726861 0.6858900900033691 0.6862735459647583 0.6895093262201522 0.6908744420003066 0.6922946322292384 0.6933257525494885 0.6937359757555042 0.6940069554245326 0.6942901538816253 0.6965782542200455 0.6980508773491414 0.7000173430579453 0.7010012626385187 0.7014508451365482 0.7016715295475544 0.7022030883692244 0.7078671437666845 0.7107296415606865 0.7164209652951854 0.7186821233686707 0.7188199835236393 0.7209732758142415 0.7223523224414419 0.7302082398377209 0.7387611615793881 0.7410537706065454 0.7412581793115063 0.748304177126623 0.7515867353219796 

RF
0.6610127080992063 0.6706048915710298 0.6755358468454943 0.6891844067793965 0.690348248582773 0.6907584784690107 0.6945511588520981 0.6982812618670595 0.700568099993865 0.7016166179431904 0.7023683552408706 0.7046642701320323 0.7059027261046567 0.7073450049387089 0.7090082017963198 0.7091055227916849 0.7094123409373061 0.7111653891894155 0.7144860878958056 0.7159786991979815 0.7162876392821591 0.7178899019052352 0.718335623469615 0.719100379340494 0.7197930314982178 0.7198045191318596 0.72201921312125 0.7248764871800937 0.7258082181210765 0.72601840477592 0.7268638789221806 0.7269277224161879 0.7278085291077068 0.7282239878715925 0.7285016823143111 0.7299129426002 0.7299990495373372 0.7306164734384983 0.7308518262439896 0.7322504075056149 0.7341149068028144 0.7351098206074602 0.7364660043921843 0.737209659140572 0.7372128194166532 0.7380839502173224 0.7388081065492069 0.7388976805625169 0.7413935230525495 0.741681976087952 0.7433684491421249 0.7466442104748523 0.7479252950207461 0.7491571003045832 0.7497439064967638 0.7516241582095727 0.7571239830425242 0.7661674730326444 0.7705140838149862 0.7786241246273793 

SVR
0.031200964207832582 0.042293053131362335 0.08612194109518023 0.10199101712456293 0.12071286805951831 0.12618999291868427 0.12800746723574552 0.1315051560160544 0.13425147933633552 0.1404359844449813 0.14128181742492318 0.1420129681519393 0.14889751177730748 0.15456996316949045 0.16707967699856696 0.17207704246118438 0.17532669721478367 0.17534813727064258 0.17797746912103618 0.1807626498438195 0.18111623585866454 0.18144497390784875 0.18153053863023993 0.1884979564687307 0.1886992829981492 0.1891434556174757 0.19146118782804755 0.19152160345722047 0.19653274187560388 0.19879837867859274 0.1999703438355115 0.20270372985167662 0.20295882855170422 0.20334876450359407 0.20591539421271077 0.206419918718028 0.20725487749160332 0.21119803342324406 0.21462960713776402 0.21662865114192253 0.21782476915405835 0.2181390688410858 0.21949873081954285 0.21972527132484854 0.21984594668046475 0.22132570632487536 0.22525068221502176 0.2258844791942115 0.22593201014728048 0.22605130515691052 0.22818908616473488 0.23043485282536735 0.23630366970076666 0.2387738520366144 0.23897231799309004 0.23939729576378943 0.24194993843551127 0.247291953187878 0.2474816959285594 0.2523887809451738 

ABE0
0.6839506285410922 0.695124406363572 0.7109303612729596 0.7136773407054351 0.7164028448364421 0.7222744775636414 0.7230056264051026 0.7245046496535621 0.7247077285347067 0.7259343781551273 0.7262000827706434 0.7284796067388015 0.7290608123634997 0.7306679452569338 0.732284714404251 0.7324951481808837 0.7345444029515058 0.735163406891402 0.7368636605324931 0.7381599900988073 0.7382681366200199 0.7386129185843517 0.7400992206925285 0.7407875803130632 0.7409083440731702 0.7413410369198481 0.7423659688502664 0.7433497137241479 0.7439966039346602 0.7440609980877465 0.7450499420686345 0.7450974371379645 0.7467026516129558 0.7470978413800622 0.747185933607545 0.7474515511856499 0.7478360883709447 0.7479164609669532 0.7484885662613707 0.7491646224158978 0.7497234999820035 0.7497236974269388 0.7506165099268547 0.7516136917814671 0.7532163738023631 0.7536283141744885 0.7551117831546461 0.7573760501235607 0.7574794069907402 0.7579224455084629 0.7596724839667891 0.7613122869800137 0.7613429893282815 0.7667730976186122 0.7669915879405584 0.7701953359592235 0.7712474417041674 0.7729001721834247 0.7779776031226113 0.7810694806339209 