CART_DE
0.48968063539058904 0.4979721960451309 0.5012477591521936 0.5017604117283362 0.5035332644508728 0.5044387417612681 0.5106224075368565 0.5150136327033354 0.5166487473442802 0.5259391541362968 0.5268046592153723 0.5337919611605683 0.5340850778154412 0.5355814712586511 0.5360782371204966 0.5366172228722565 0.5376381925213427 0.5379414455429399 0.5405921480352986 0.5407754184766387 0.5420845392744162 0.5428993328170686 0.5505691337028109 0.5525149203894315 0.5526479446120951 0.5535476476742442 0.5549718978819689 0.5550140157575415 0.5562924399148197 0.5587926817975821 0.559162461815327 0.5615767129349347 0.5617706723123687 0.5629042042938814 0.5639844300889107 0.5683580047636454 0.5689847580746554 0.5693339873712411 0.5728399112067584 0.5734428479672922 0.5735973144892774 0.5753352699212351 0.5803439110739584 0.5809411173396974 0.5855618533560959 0.5941416645574179 0.5958375024557464 0.5980042490421845 0.5988573994911524 0.600237929059739 0.6005505372077897 0.6018902216484854 0.6026631326226537 0.6081235110925494 0.6096111716500263 0.6112170944651509 0.6169239291779227 0.6277842522887338 0.6292705860240686 0.6347965452994879 

ROME
0.4213937584182974 0.5120419879123717 0.5168348716479132 0.5242434017331807 0.5257945282458797 0.5268707145771848 0.5282546977461833 0.5332935304998374 0.5335249483978037 0.5357749936874167 0.5368956188780138 0.5411598208832851 0.543576889830204 0.5489385892319159 0.5500341074749155 0.5525211498140281 0.5533398614107665 0.5536791353630818 0.5540819445828205 0.5547001795151267 0.5574117696141054 0.5606353335389357 0.565926737495571 0.5717267765088997 0.5754100758557198 0.5768923388894766 0.5787210928073445 0.5829410764424999 0.583938831046982 0.5841696227017203 0.5843305020402061 0.585854882122919 0.5876878395246697 0.5879521624871109 0.5882154348141735 0.5920851220272461 0.5924196279011222 0.593048203559077 0.5940126926945111 0.5969107678240674 0.5973585288792904 0.597836800628088 0.6000006128759179 0.6014534097516888 0.6019323834150371 0.6059428008513466 0.606881899444939 0.6112104896508566 0.6129808342540339 0.613109692476681 0.6142190571646284 0.6149318937026571 0.6165125154732356 0.617545728026869 0.6190498572922518 0.6245437919276631 0.624911058481293 0.6307718933821822 0.6351446651291648 0.6597645977043408 

CART0
0.21797826768644268 0.2218910932643663 0.27311521019089857 0.2801195746359232 0.2884050327119768 0.3008283808976583 0.3406611864644009 0.34189551124121187 0.3479178529870516 0.3613431488934572 0.36370942486544755 0.3647754312352216 0.37559381865294694 0.3790400677174438 0.3860250354438258 0.3887983492304128 0.3895246656874565 0.39362185565534746 0.3941968684741044 0.3967240681139298 0.4019964119692737 0.4096096986908907 0.41376986164316854 0.4189832936413104 0.41989404427569466 0.4219942854095753 0.42819088345051015 0.4349926268444684 0.43545933116270574 0.4369451906142706 0.4449357452024362 0.44510014743135473 0.4517115813613254 0.45305259164002043 0.4623338297745102 0.4653896327714029 0.4679975718649644 0.47913291846094896 0.48307594155986844 0.4832030752181188 0.48525068279501893 0.48963022528953115 0.48976073169314926 0.49326715984642755 0.5054389721392702 0.5056111249922758 0.5077172503242542 0.5084160188754767 0.5154784303259898 0.5175540517385048 0.5181187892676997 0.53751998970645 0.5432325569812304 0.5536469436675473 0.5564311717579464 0.5603935541948415 0.5639670298847147 0.5658572287249173 0.5909595011733468 0.6311606909934531 

RF
0.29960770714579865 0.35700726534762794 0.3899560529652333 0.40485864584910636 0.4176048346996801 0.4211980581931427 0.42220135145373494 0.43574849811655325 0.4366413241139666 0.45020815870354824 0.45046527728883545 0.453312030139297 0.453698235385279 0.4614860048192203 0.46206085860095236 0.46396628898564474 0.46522717269037017 0.4750618898275939 0.47568517324985415 0.4822584590297594 0.48243855069173824 0.4890293255168605 0.4909080590412468 0.4910069537835283 0.49112036981127016 0.49483021210645983 0.49658632327375873 0.4972357329781295 0.49735437653736025 0.4997587394552504 0.5004727913228887 0.5015459981606719 0.5064164761955026 0.5083833268718101 0.5140876061099424 0.5225846456952623 0.5270328200892769 0.5293590949790243 0.5294890311383724 0.5310217857419406 0.5346799407061337 0.5373460673693764 0.5406932322103878 0.542467622890521 0.5477459621903336 0.5483086359557073 0.5572178103254235 0.560842397049496 0.5726099806346745 0.5739298130570902 0.5742492384570625 0.5768461812003635 0.5791550330227291 0.5861193718022235 0.5872976691339025 0.5935787710003171 0.6047065939091663 0.629454922391395 0.647435285633994 0.6619912252771563 

SVR
0.439339282543572 0.4396651643259215 0.44693518186422043 0.45523396062911914 0.46011581564665627 0.4603206701421976 0.4644384864602219 0.4654592835661884 0.4684345393397754 0.4706745390113265 0.47178926078047667 0.4791854672186634 0.4807537499389073 0.48292816227150137 0.48433163047894756 0.48976119192870393 0.48996254916366644 0.4911574796429259 0.49676689087487336 0.49914910143589863 0.49915828921860295 0.5110910874118734 0.51241828563566 0.5134195523363769 0.5141229693605123 0.5145161903109154 0.5172284511558467 0.5201663531809009 0.5222074205081595 0.525024566970077 0.5299287260947916 0.5324710397466788 0.5339811082385013 0.5351949753731321 0.5397294824811936 0.5400690043034275 0.544680248560615 0.5447478192020008 0.5457750582051938 0.547444096598183 0.5532109684925979 0.5534020881678654 0.5545990533319831 0.5550609696343992 0.5590920151316578 0.5636081347641555 0.5649314645541814 0.566053241999156 0.5666889113683349 0.5790525393872505 0.5823638140270238 0.5837462663840054 0.5854798169404178 0.5864770682699233 0.5970488731350023 0.5973051555466047 0.59852061750969 0.6073439846327363 0.6282650374154346 0.6283660831708859 

ABE0
0.4292554488548349 0.46191782929523495 0.479230519454806 0.49260781680300625 0.49977668003608855 0.5018355823351133 0.5086132455177459 0.5104687285437053 0.5118504591179567 0.5129019792486849 0.5134383225494525 0.5154096077116574 0.5159850585054118 0.5196646294474847 0.5239850248937838 0.524928774928775 0.5340394008952323 0.5356616782888035 0.5368997715358097 0.5376096147728293 0.5405438042429745 0.5418292597978798 0.5420624805061284 0.5430723530659877 0.5449898121322261 0.5473543881830607 0.5539936697076895 0.5542224052365607 0.5562577059240963 0.5586392864550923 0.5593321073532156 0.5607721585982455 0.5612969816845387 0.5620421660323638 0.5647877597288257 0.565212692615849 0.5659181431675409 0.5670889878734306 0.5702499842974686 0.5717188730022151 0.5739818332011306 0.5773403339795022 0.5791676382378246 0.5802982767244123 0.5825233897178697 0.5850275564533225 0.5873705920715863 0.5942613349116512 0.5953194818967802 0.5990822572036572 0.6012718148076778 0.6047700679886597 0.6050148497979453 0.6085386747176603 0.6125308364340135 0.6149636338685329 0.6155226955669891 0.617685582868805 0.6258060281453477 0.6306022293119067 