CART_DE
0.20957380765287326 0.21144791053560918 0.21546829060555445 0.21581752282822272 0.21700156368896803 0.2177571244841085 0.2181946902654867 0.2208923436274054 0.22270763322131545 0.22735855557852658 0.22788657100869017 0.22791377348868216 0.22849324127805876 0.23100003166661381 0.23428839523414655 0.2407787514028485 0.24130849701625953 0.24139757094219536 0.24270053185715845 0.24387211367673184 0.2471416600044308 0.24743213279798645 0.24981565752327978 0.2499498340342634 0.25338796287674215 0.2535214574827487 0.25425036302032916 0.2547720930232557 0.2554717400466743 0.25617052352302727 0.2565271176336232 0.2576146477712792 0.2593310985956301 0.2594011095960588 0.2599483879551362 0.26008201357466065 0.26041052259053915 0.2608136069518314 0.2609665118562914 0.26135093352360567 0.2616313309776208 0.2621375044552956 0.26242569352708056 0.26249623017944346 0.262861054072553 0.2675945610771547 0.26994366112251333 0.27159561856969516 0.2749155019419569 0.27626902339089127 0.27686511195669705 0.2770937296593622 0.277878146118059 0.28207622674835786 0.2871004079052666 0.29049480346875073 0.29514897943760876 0.29702820367215593 0.2998625716893541 0.3015940396132089 

ROME
0.18231112751817613 0.18872749168955635 0.19210371825059214 0.19478506986616725 0.19628363520051176 0.19653448568039317 0.19680504466631638 0.20164391445044388 0.2027162977867204 0.2045736112441771 0.20466239435311603 0.20531458111474327 0.20726628267611882 0.2087904647829087 0.20883302800808326 0.20967965132985644 0.21164706971576705 0.21194491911663038 0.21269077980941103 0.21301404166125648 0.21466808472605625 0.21531028034282218 0.21572929179358336 0.21609786926688324 0.21616490285894804 0.21848106712564544 0.21888188914838388 0.21912954017345887 0.21957147464088383 0.21995695839311336 0.22009896608601195 0.22030542986425333 0.22057659168180335 0.22072185764765273 0.22094842361194153 0.22102682827182354 0.22177161152614722 0.22435303419312058 0.22444733036214984 0.22536164286371224 0.2254372302800221 0.2275604711806493 0.228965456853903 0.22902415189166556 0.2303018630060232 0.23126846254670658 0.23236226714229102 0.23393785725785904 0.23716111968260964 0.23957979569468105 0.24010219672870273 0.24284395198522632 0.24441025929016108 0.24566266528823016 0.2463268064395628 0.2494351207477048 0.2558205565019875 0.25850889059687043 0.261879160266257 0.27490111470693995 

CART0
0.19763564835805383 0.20285332144449397 0.20435220597368178 0.20982497857485594 0.21608174770965463 0.21889074893379565 0.21926937102655958 0.2329757903085697 0.2371495327102804 0.23734469801801034 0.23746914861716606 0.23827642945290003 0.23875062397489838 0.2403370853433387 0.24064603714788135 0.24779064134048345 0.24963942307692313 0.2515235457063712 0.2533578837500775 0.2535189710546605 0.2536520584329349 0.2543782837127846 0.26145610324067525 0.26207173601147776 0.2642174131857071 0.26421962272538313 0.2670000961815908 0.26887821911828896 0.26889848859069093 0.26909287849837943 0.2703873744619799 0.2710516045750653 0.2716216216216216 0.2728711268123942 0.27302571584898777 0.27447231044455517 0.2755408735208903 0.27829099307159355 0.27844615484980784 0.2789565396798942 0.28041058717111733 0.2810072230409549 0.2812670485542826 0.2844482527010125 0.2849909290298124 0.2888595912986157 0.2893476465730801 0.290303738317757 0.29101839887397396 0.29201435080790916 0.29448120654328036 0.2982380335109703 0.2987266498770922 0.29960096636716516 0.304120191213294 0.3050519450898163 0.32147357808955723 0.32779365015492334 0.3411626541397534 0.3483613720160258 

RF
0.2009273570324575 0.2042896928912581 0.21124890720606682 0.2211655614437483 0.23004393014036212 0.23049879954921842 0.23100267055110468 0.23144725618424794 0.2361399861399862 0.23615523578147396 0.2370462636188191 0.24185290781446392 0.2419545596016185 0.24335893239330228 0.24345821977423 0.2440087145969499 0.24524017642744467 0.24596830438501616 0.24606387764282506 0.24928582168095023 0.24995611725469538 0.25017111567419575 0.2507006503650216 0.25142327110527496 0.2531609195402299 0.25334411949762625 0.25499656223563627 0.25540093847407075 0.25678758840976507 0.2571176593352587 0.2574895714827456 0.2580482788798596 0.25825424530017094 0.25899941426781664 0.2591021562389537 0.25996204933586337 0.26036248634238623 0.260588233462135 0.2609112493507872 0.26238180904263764 0.2627894453419495 0.2641135451006973 0.26519394316531847 0.26620591690113915 0.2693156010731088 0.26955915664749946 0.2720153121447816 0.2737418987361258 0.2746819276718884 0.27519157088122603 0.27630420637654535 0.277022286110427 0.27711012781383704 0.2824673378880498 0.28947796389656855 0.29039385441483645 0.2936001604197142 0.3076484245439468 0.31213461041482987 0.3340097402597403 

SVR
0.5817965463839567 0.6225773292938073 0.6392379045355774 0.6467711847174699 0.6481877402044907 0.6497105626605704 0.6583447677032387 0.6617843145809559 0.6619777133689392 0.6621671165447623 0.6634691598701664 0.663499256583137 0.6637551287152195 0.6665628317971408 0.6716552039569443 0.6737314068225742 0.6855445434656818 0.6856025557387648 0.6886590847517929 0.691786788845498 0.6940621140386497 0.6940823867351299 0.6946314518435303 0.6947356455448401 0.6963247971602123 0.697200648605622 0.6991297697063049 0.699158460128326 0.6996081770752631 0.6997766731263396 0.7025734047804568 0.7076252615720694 0.7092227410123257 0.715814035646738 0.7167508427402889 0.722791099480675 0.7253503967592108 0.7329290732038207 0.7354881545315021 0.7389064883619452 0.745565040828073 0.7514694707065445 0.7527328573062598 0.7527431353287096 0.757369345090023 0.7586268083780845 0.7682444833509685 0.7755891456443622 0.7825518592229992 0.9177487616542992 1.1952795238180434 1.362359242183826 1.3628375802213957 1.4011143297670898 1.4644450492588323 1.4671342999407622 2.71174237974966 3.6019057167406334 3.746667868328994 4.182057243376041 

ABE0
0.20276929090927792 0.20674962678084363 0.207073863907684 0.20858410665401678 0.2087564403264338 0.2090675932820386 0.20944693755647792 0.2099707622533784 0.21199990260691876 0.21393859406811738 0.21575162793568498 0.21589051203479942 0.21624815361890695 0.21978290035370168 0.22029478917575213 0.22146913860420958 0.22147093712930016 0.2228538942581012 0.22291869128603828 0.22338854648176684 0.22479217389397027 0.22521300471180372 0.22578112733553155 0.22651503185384084 0.22708674152866387 0.22893939393939386 0.22912338329243043 0.22986289631533852 0.23269625621246146 0.23287335005999782 0.23614933333333327 0.2378452037155108 0.2393669634025718 0.2393669634025718 0.23957721667645332 0.2421445836079982 0.24292167883595103 0.2430600770068283 0.24306930693069306 0.24359486919521267 0.24411174839740465 0.2453329618278072 0.24553409066598203 0.2479381179562276 0.2511105647078108 0.25204167840045055 0.2535212856376433 0.2548698219014881 0.2549178671238391 0.2556766575840145 0.2568236458775279 0.25699325249212956 0.2578308457711443 0.2600175361683472 0.2628506307397436 0.2629926205055739 0.2640345465761875 0.2657705974901976 0.2727258300006347 0.2729156044796317 